
n	Tamano(bytes)	Tiempo(ms)
0	64	1.081686
1	64	0.541456
2	64	0.451198
3	64	0.429436
4	64	0.506134
5	64	1.665960
6	64	0.724282
7	64	1.534685
8	64	2.190527
9	64	0.671675
10	64	0.703256
11	64	0.433734
12	64	0.368070
13	64	0.365488
14	64	0.362059
15	64	0.419270
16	64	0.372021
17	64	0.373642
18	64	0.353859
19	64	0.648086
20	64	0.517696
21	64	0.516396
22	64	0.390170
23	64	0.401495
24	64	0.505148
25	64	0.394478
26	64	0.363192
27	64	0.450669
28	64	0.384195
29	64	0.419434

n	Tamano(bytes)	Tiempo(ms)
0	100	0.838130
1	100	0.484930
2	100	0.499617
3	100	0.446252
4	100	0.573504
5	100	0.454212
6	100	0.619477
7	100	0.526154
8	100	0.493168
9	100	0.800926
10	100	7.540753
11	100	0.663207
12	100	0.472559
13	100	0.603242
14	100	4.719125
15	100	0.803632
16	100	0.566032
17	100	0.552771
18	100	0.518769
19	100	0.805447
20	100	1.196102
21	100	0.591008
22	100	0.808023
23	100	0.499998
24	100	0.777059
25	100	0.518214
26	100	0.703462
27	100	1.153936
28	100	0.517031
29	100	0.583931

n	Tamano(bytes)	Tiempo(ms)
0	400	0.646645
1	400	0.542502
2	400	0.510722
3	400	0.556962
4	400	11.749517
5	400	4.900692
6	400	0.711940
7	400	1.282881
8	400	0.606668
9	400	0.715587
10	400	0.609158
11	400	0.585210
12	400	0.540190
13	400	0.523537
14	400	0.535956
15	400	0.552758
16	400	0.565440
17	400	0.529479
18	400	0.525973
19	400	0.509902
20	400	0.501432
21	400	0.506391
22	400	0.885991
23	400	0.593451
24	400	0.522110
25	400	0.518001
26	400	0.503750
27	400	0.618966
28	400	0.515079
29	400	0.562910

n	Tamano(bytes)	Tiempo(ms)
0	700	0.684999
1	700	0.563011
2	700	0.747140
3	700	5.464808
4	700	0.495356
5	700	1.922941
6	700	0.738752
7	700	0.521485
8	700	0.433757
9	700	0.466099
10	700	0.542633
11	700	0.437236
12	700	0.669747
13	700	0.451793
14	700	0.417500
15	700	0.405475
16	700	0.513375
17	700	0.487831
18	700	0.748209
19	700	0.524677
20	700	0.501131
21	700	0.416604
22	700	1.078645
23	700	0.890191
24	700	0.746244
25	700	0.718236
26	700	1.100250
27	700	0.532085
28	700	0.491225
29	700	0.499166

n	Tamano(bytes)	Tiempo(ms)
0	1000	0.663605
1	1000	0.573280
2	1000	0.582169
3	1000	0.536574
4	1000	0.501971
5	1000	0.412597
6	1000	6.756334
7	1000	0.564508
8	1000	0.356642
9	1000	0.706636
10	1000	0.466304
11	1000	0.691681
12	1000	0.398859
13	1000	0.468575
14	1000	0.418467
15	1000	0.536981
16	1000	0.463088
17	1000	1.104613
18	1000	0.433951
19	1000	1.303894
20	1000	0.884830
21	1000	0.387459
22	1000	0.441083
23	1000	0.408962
24	1000	0.333606
25	1000	0.369036
26	1000	0.412901
27	1000	0.466088
28	1000	0.634294
29	1000	0.972169
